# Easy

530070000
600195000
098000060
800060003
400803001
700020006
060000280
000419005
000080079

# Easy

003020600
900305001
001806400
008102900
700000008
006708200
002609500
800203009
005010300

# Easy

200080300
060070084
030500209
000105408
000000000
402706000
301007040
720040060
004010003

# Easy

000260701
680070090
190004500
820100040
004602900
050003028
009300074
040050036
703018000

# Easy

300200000
000107000
706030500
070009080
900020004
010800050
009040301
000702000
000008006

# Easy

000000907
000420180
000705026
100904000
050000040
000507009
920108000
034059000
507000000

# Easy

030050040
008010500
460000012
070502080
000603000
040109030
250000098
001020600
080060020

# Easy

020810740
700003100
090002805
009040087
400208003
160030200
302700060
005600008
076051090

# Easy

100920000
524010000
000000070
050008102
000000000
402700090
060000000
000030945
000071006

# Easy

043080250
600000000
000001094
900004070
000608000
010200003
820500000
000000005
034090710

# Medium

000000012
000000034
000000056
000000078
000000091
000000243
000000567
000000895
000000123

# Medium

000075400
000000008
080190000
300001060
000000034
000068170
204000603
900000020
530200000

# Medium

300000000
005009000
200504000
020000700
160000058
704310600
000890100
000067080
000005437

# Medium

000900002
050123400
030000160
908000000
070000090
000000205
091000050
007439020
400007000

# Medium

380000000
000400785
009020300
060090000
800302009
000040070
001070500
495006000
000000092

# Medium

000158000
002060800
030000040
027030510
000000000
046080790
050000080
004070100
000325000

# Medium

010500200
900001000
002000030
000070005
100000006
500040000
040000700
000300004
003006050

# Medium

080000040
000469000
400000007
005904600
070000090
004507100
900000005
000312000
060000020

# Medium

001000000
000060900
700000005
000700040
000010000
090004000
500000003
004080000
000000700

# Medium

000006000
059000000
000900800
004000100
080030020
003000400
007005000
000000650
000700000

# Hard

000000000
000003085
001020000
000507000
004000100
090000000
500000073
002010000
000040009

# Hard

800000000
003600000
070090200
050007000
000045700
000100030
001000068
008500010
090000400

# Hard

000900800
128006400
070800060
800430007
500000009
600079008
090004010
003600284
001007000

# Hard

000000000
009805100
051907420
290401065
000000000
140508093
026709580
005103600
000000000

# Hard

005300000
800000020
070010500
400005300
010070006
003200080
060500009
004000030
000009700

# Hard

000000907
000420180
000705026
100904000
050000040
000507009
920108000
034059000
507000000

# Hard

030000080
009000500
000800000
200060004
000000000
700020003
000004000
001000700
090000010

# Hard

000000000
000010000
003000700
040070080
000603000
060020040
001000900
000050000
000000000

# Hard

000050000
040000300
000000000
000000090
002000700
090000000
000000000
007000020
000040000

# Hard

009000000
000000000
000704000
040000090
000000000
080000040
000503000
000000000
000000600
